POSE2 x0 -1.75178e-16 5.10058e-17 -1.475e-17 0.09 -7.36102e-32 -1.91847e-17 -7.36102e-32 0.09 3.83693e-17 -1.91847e-17 3.83693e-17 0.01
POSE2 x1 2 -4.84954e-16 -4.80708e-16 0.120968 -0.00129032 0.00451613 -0.00129032 0.158387 0.0206452 0.00451613 0.0206452 0.0177419
POSE2 x2 4 -3.00396e-15 -4.81927e-16 0.160968 0.00774194 0.00451613 0.00774194 0.351935 0.056129 0.00451613 0.056129 0.0277419
POINT2 l0 2 2 0.16871 -0.0477419 -0.0477419 0.163548
POINT2 l1 4 2 0.293871 -0.104516 -0.104516 0.391935
BETWEENFACTOR x0 x1 2 0 0 0.04 0 0 0 0.04 0 0 0 0.01
BETWEENFACTOR x1 x2 2 0 0 0.04 0 0 0 0.04 0 0 0 0.01
BEARINGRANGEFACTOR x0 l0 0.785398 2.82843 0.01 0 0 0.04
BEARINGRANGEFACTOR x1 l0 1.5708 2 0.01 0 0 0.04
BEARINGRANGEFACTOR x2 l1 1.5708 2 0.01 0 0 0.04
