POSE3 x0 -7.14621e-18 4.05141e-17 -8.27917e-18 -8.31213e-16 1.71076e-16 7.45372e-16 0.09 1.15108e-16 -4.96166e-32 4.29656e-18 3.83693e-17 -6.39488e-18 1.15108e-16 0.09 1.15108e-16 -6.79119e-33 2.02974e-18 5.11591e-17 -4.96166e-32 1.15108e-16 0.09 -9.59233e-18 -5.11591e-17 -5.59552e-18 4.29656e-18 -6.79119e-33 -9.59233e-18 0.01 -8.88178e-20 2.93456e-34 3.83693e-17 2.02974e-18 -5.11591e-17 -8.88178e-20 0.01 -2.66454e-19 -6.39488e-18 5.11591e-17 -5.59552e-18 2.93456e-34 -2.66454e-19 0.01
POSE3 x1 2 2.07437e-15 1 -6.25897e-15 3.89847e-16 3.91381e-16 0.108481 -0.000466464 0.000932929 -0.000116616 -0.0892369 -0.00230831 -0.000466464 0.125323 0.00935398 0.0888308 -0.000289482 -0.180203 0.000932929 0.00935398 0.111292 0.0023385 0.180579 0.000406098 -0.000116616 0.0888308 0.0023385 0.109708 -7.23706e-05 -0.180051 -0.0892369 -0.000289482 0.180579 -7.23706e-05 0.469297 -0.000256041 -0.00230831 -0.180203 0.000406098 -0.180051 -0.000256041 0.379583
POSE3 x2 4 9.0637e-15 2 -6.2792e-15 4.10747e-16 3.49444e-16 0.148481 -0.000466464 0.000932929 -0.00058308 -0.195852 -0.00137538 -0.000466464 0.165323 0.00935398 0.214154 0.0188849 -0.430849 0.000932929 0.00935398 0.151292 0.0116925 0.40223 -0.0183019 -0.00058308 0.214154 0.0116925 0.422692 0.0236062 -0.788561 -0.195852 0.0188849 0.40223 0.0236062 1.93 -0.0349054 -0.00137538 -0.430849 -0.0183019 -0.788561 -0.0349054 1.61169
POINT3 l0 2 2 2 0.792397 -0.366225 -0.372966 -0.366225 0.77269 -0.38282 -0.372966 -0.38282 0.794212
POINT3 l1 4 2 3 1.58731 -0.759054 -1.18864 -0.759054 2.51219 -0.726196 -1.18864 -0.726196 2.24811
BETWEENFACTOR x0 x1 2 0 1 0 -0 0 0.04 0 0 0 0 0 0 0.04 0 0 0 0 0 0 0.04 0 0 0 0 0 0 0.01 0 0 0 0 0 0 0.01 0 0 0 0 0 0 0.01
BETWEENFACTOR x1 x2 2 0 1 0 -0 0 0.04 0 0 0 0 0 0 0.04 0 0 0 0 0 0 0.04 0 0 0 0 0 0 0.01 0 0 0 0 0 0 0.01 0 0 0 0 0 0 0.01
BEARINGRANGEFACTOR x0 l0 2 2 2 0.01 0 0 0 0.01 0 0 0 0.04
BEARINGRANGEFACTOR x1 l0 0 2 1 0.01 0 0 0 0.01 0 0 0 0.04
BEARINGRANGEFACTOR x2 l1 0 2 1 0.01 0 0 0 0.01 0 0 0 0.04
