POSE3 x0 0.5 0 0.5 0 -0 0 0.09 -2.8777e-16 -4.60432e-16 1.81265e-19 -1.27898e-17 -9.28992e-32 -2.8777e-16 0.09 1.15108e-16 1.27898e-17 6.46929e-32 2.55795e-17 -4.60432e-16 1.15108e-16 0.09 1.27898e-17 6.52982e-32 2.19373e-18 1.81265e-19 1.27898e-17 1.27898e-17 0.01 -8.88178e-20 -4.44089e-20 -1.27898e-17 6.46929e-32 6.52982e-32 -8.88178e-20 0.01 -8.88178e-20 -9.28992e-32 2.55795e-17 2.19373e-18 -4.44089e-20 -8.88178e-20 0.01
POSE3 x1 2.3 0.1 1.2 0 -0 0 0.107869 -0.00495986 -0.00143239 -1.756e-05 -0.0622136 0.00654817 -0.00495986 0.12548 0.00819924 0.0620294 -0.000217389 -0.162707 -0.00143239 0.00819924 0.108607 -0.00658458 0.163035 0.000234949 -1.756e-05 0.0620294 -0.00658458 0.0646791 -0.0161242 -0.113372 -0.0622136 -0.000217389 0.163035 -0.0161242 0.354879 -0.00652997 0.00654817 -0.162707 0.000234949 -0.113372 -0.00652997 0.312102
POSE3 x2 4.1 0.1 2.3 0 -0 0 0.147869 -0.00495986 -0.00143239 -0.0054734 -0.183447 0.0154759 -0.00495986 0.16548 0.00819924 0.200058 0.0199971 -0.388572 -0.00143239 0.00819924 0.148607 0.00243459 0.360103 -0.0145237 -0.0054734 0.200058 0.00243459 0.362975 -0.00596033 -0.652454 -0.183447 0.0199971 0.360103 -0.00596033 1.57675 -0.0493048 0.0154759 -0.388572 -0.0145237 -0.652454 -0.0493048 1.3144
POINT3 l0 1.8 2.1 2 0.66142 -0.24596 -0.179552 -0.24596 0.396733 -0.298669 -0.179552 -0.298669 0.612968
POINT3 l1 4.1 1.8 3.1 1.22317 -0.596532 -0.950531 -0.596532 2.00405 -0.572837 -0.950531 -0.572837 1.83051
BETWEENFACTOR x0 x1 2 0 1 0 -0 0 0.04 0 0 0 0 0 0 0.04 0 0 0 0 0 0 0.04 0 0 0 0 0 0 0.01 0 0 0 0 0 0 0.01 0 0 0 0 0 0 0.01
BETWEENFACTOR x1 x2 2 0 1 0 -0 0 0.04 0 0 0 0 0 0 0.04 0 0 0 0 0 0 0.04 0 0 0 0 0 0 0.01 0 0 0 0 0 0 0.01 0 0 0 0 0 0 0.01
BEARINGRANGEFACTOR x0 l0 2 2 2 0.01 0 0 0 0.01 0 0 0 0.04
BEARINGRANGEFACTOR x1 l0 0 2 1 0.01 0 0 0 0.01 0 0 0 0.04
BEARINGRANGEFACTOR x2 l1 0 2 1 0.01 0 0 0 0.01 0 0 0 0.04
